# id	left	top	right	bottom	texture_id
[SPRITES]
#WALK
31001	5	14	20	29	10
31002	25	14	40	29	10

#DIE
32001	45	20	60	29	10

#RED GOOMBA
#WALK
33001	15	54	30	69	40
33002	65	54	80	69	40
#SMALL JUMP
33003	213	51	232	70	40
33004	263	51	282	70	40
#HIGH JUMP
33005	113	50	132	73	40
33006	163	50	182	73	40
#DIE
33007	315	56	330	65	40
# ani_id	sprite1_id	time1	sprite2_id	time2	...
[ANIMATIONS]
5000	31001	100	31002	100
5001	32001	100
#RED GOOMBA
6000	33001	100	33002	100
6001	33003	100	33004	100
6002	33005	100	33006	100
6003	33007	100