# id	left	top	right	bottom	texture_id
[SPRITES]
#SHELL
60000	50	204	65	219	40
#WALKING RIGHT
60001	215	199	230	224	40
60002	255	199	270	224	40

#WALKING LEFT
60003	165	199	180	224	40
60004	125	199	140	224	40
#JUMP RIGHT & LEFT
60005	215	248	230	272	40
60006	255	248	270	272	40
	
60007	165	248	180	273	40
60008	125	248	14	273	40
#DIE
60009	330	204	345	219	40

# ani_id	sprite1_id	time1	sprite2_id	time2	...
[ANIMATIONS]
#SHELL
60100	60000	100

#WALKING RIGHT & LEFT 
60101	60001	100	60002	100
60102	60003	100	60004	100
#JUMP RIGHT & LEFT
60103	60005	100	60006	100
60104	60007	100	60008	100
#DIE
60105	60009	100

