# id	left	top	right	bottom	texture_id
[SPRITES]
#####  BIG ###############
#IDLE
11121	246	154	259	181	0
11111	186	154	199	181	0

#WALKING RIGHT
11222	275	154	290	181	0
11223	304	154	321	181	0

#WALKING LEFT
11212	155	154	170	181	0
11213	125	154	140	181	0

#RUNNING RIGHT
11321	334	154	355	181	0
11322	334	154	355	181	0
11323	392	154	413	181	0

#RUNNING LEFT
11311	91	154	112	181	0
11312	65	154	86	181	0
11313	34	154	55	181	0

#JUMP WALK RIGHT & LEFT
11417	395	275	412	302	0
11413	35	275	52	302	0

#JUMP RUN RIGHT & LEFT
11427	394	195	413	222	0
11423	35	195	52	222	0

#SIT RIGHT & LEFT 
11521	426	239	441	256	0
11511	5	239	20	256	0

#BRACE RIGHT & LEFT 
11621	425	154	442	181	0
11611	5	154	22	181	0

#DIE
13001	215	120	234	137	0

############ SMALL ################
 #IDLE
12121	247	0	260	15	0
12111	187	0	200	15	0

#WALK RIGHT
12222	275	0	292	15	0
12223	306	0	321	15	0

#WALK LEFT
12212	155	0	170	15	0
12213	125	0	140	15	0

#RUN RIGHT
12321	275	0	290	15	0
12322	306	0	321	15	0
12323	335	0	350	15	0

#RUN LEFT
12311	155	0	170	15	0
12312	125	0	140	15	0
12313	95	0	110	15	0

#BRACE RIGHT & LEFT
12511	6	0	19	15	0
12521	426	0	439	15	0

#JUMP WALK RIGHT & LEFT 
12413	35	80	50	95	0
12417	395	80	410	95	0

#JUMP RUN RIGHT & LEFT 
12423	65	40	80	55	0
12427	365	40	380	55	0
############ RACCOON ################
 #IDLE
14121	244	635	263	662	0
14111	183	635	202	662	0
#WALKING RIGHT
14222	273	635	292	662	0
14223	304	154	323	181	0
#WALKING LEFT
14212	149	635	168	662	0
14213	123	635	142	662	0
#BRACE RIGHT & LEFT
14611	3	635	22	662	0
14621	423	635	442	662	0
#RUN RIGHT
14321	335	635	354	662	0
14322	365	635	384	662	0
14323	394	635	413	662	0

#RUN LEFT
14311	91	635	110	662	0
14312	61	635	80	662	0
14313	32	635	51	662	0
#JUMP WALK RIGHT & LEFT 
14417	395	755	414	781	0
14413	32	755	51	781	0
#JUMP RUN RIGHT & LEFT 
14423	61	755	80	781	0
14427	365	755	384	781	0
#SIT RIGHT & LEFT 
14511	424	720	443	737	0
14521	3	720	22	737	0
# ani_id	sprite1_id	time1	sprite2_id	time2	...
[ANIMATIONS]
400	11121	100
401	11111	100

#WALKING RIGHT & LEFT 
500	11121	100	11222	100	11223	100
501	11111	100	11212	100	11213	100

#RUNNING RIGHT & LEFT
600	11321	50	11322	50	11323	50
601	11311	50	11312	50	11313	50

#JUMP WALK
700	11417	100
701	11413	100

#JUMP RUN
800	11427	100
801	11423	100

#SIT RIGHT & LEFT 
900	11521	100
901	11511	100

#BRACE RIGHT & LEFT 
1000	11621	100
1001	11611	100

#DIE
999	13001	100

################### SMALL #################
1100	12121	100
1102	12111	100


#WALK LEFT & RIGHT 
1200	12121	100	12222	100	12223	100
1201	12111	100	12212	100	12213	100

#RUN LEFT & RIGHT
1300	12321	100	12322	100	12323	100
1301	12311	100	12312	100	12313	100

#BRACE LEFT & RIGHT
1401	12511	100
1400	12521	100

#JUMP WALK
1500	12417	100
1501	12413	100

#JUMP RUN 
1601	12423	100
1600	12427	100
################### RACCOON #################
#IDLE
2100	14121	100
2101	14111	100

#WALKING RIGHT & LEFT 
2200	14121	100	14222	100	14223	100
2201	14111	100	14212	100	14213	100
#BRACE LEFT & RIGHT
2400	14611	100
2401	14621	100
#RUN LEFT & RIGHT
2300	14321	100	14322	100	14323	100
2301	14311	100	14312	100	14313	100
#JUMP WALK
2500	14417	100
2501	14413	100
#JUMP RUN
2600	14427	100
2601	14423	100
#SIT RIGHT & LEFT 
2700	14511	100
2701	14521	100