# id	left	top	right	bottom	texture_id
[SPRITES]
#NoFireGreenPlant 16 x 24
84101	65	350	80	373	40
84102	15	350	30	373	40

85101	64	399	79	422	40
85102	164	399	179	422	40
85103	215	399	230	422	40
85104	314	399	329	422	40
85105	115	399	130	422	40
85106	15	399	30	422	40
85107	264	399	279	422	40
85108	364	399	379	422	40

86101	165	545	180	576	40
86102	65	545	80	576	40
86103	215	545	230	576	40
86104	315	545	330	576	40
86105	115	545	130	576	40
86106	15	545	30	576	40
86107	265	545	280	576	40
86108	365	545	380	576	40

86109	491	20	504	33	20
86110	474	19	485	34	20
86111	455	19	470	34	20
[ANIMATIONS]
84001	84101	100	84102	100

85001	85101	100	85102	100
85002	85103	100	85104	100
85003	85105	100	85106	100
85004	85107	100	85108	100

86001	86101	100	86102	100
86002	86103	100	86104	100
86003	86105	100	86106	100
86004	86107	100	86108	100
86005	86109	100	86110	100	86111	100