# list of object assets to load in this scene
[ASSETS]
mario.txt
coin.txt
cloud.txt
brick.txt
platform.txt
questionblock.txt
mushroom.txt
goomba.txt
leaf.txt
koopa.txt
pipe.txt
plant.txt
fireball.txt
card.txt
sceneobject.txt
woodblock.txt
#
[OBJECTS]
# type	x	y	extra_settings per object type
# type: 0 = Mario , 1 = Brick, 2 = Goomba, 3 = Koopas
# See OBJECT_TYPE constants in AssetIDs.h

# MARIO
0	120	10
#SceneObject
11	79	383	200001
11	183	407	200002
11	143	283	200003
11	343	233	200004
11	719	391	200005
11	931	367	200006
11	1095	390	200007
11	731	260	200008
11	1252	407	200002
11	1262	263	200004
11	1867	407	200002
11	1867	270	200009
#Card
10	263	391	48	48	100001
#56 to 54 width
10	299	375	54	80	100002

10	543	359	64	112	100006
10	559	399	96	32	100005
10	439	391	80	48	100003
10	495	375	64	80	100004
10	1379	399	112	32	100007
10	1411	382	112	64	100008
10	1443	367	112	96	100009

#COIN
4	1130	340
4	1160	310
4	1190	280
4	1220	250
#BROWN GOOMBA
2 	224	408
2	530	408
2	875	391
2	950	391
#RED GOOMBA
8	1050	391
#Platform
5 	8	423	16	14	39	41000	42000	43000
5 	639	415	32	32	16	44000	45000	46000
5 	1198	423	16	14	25	41000	42000	43000
5 	1640	423	16	14	6	41000	42000	43000
5 	1780	423	16	14	36	41000	42000	43000
#Question Block
6	183	356	101
6	200	356	101
6	229	302	101
6	246	302	102
6	423	307	101
6	663	391	102
6	711	334	101
6	1550	349	102
#Portal 
50	200	160	216	180	1
#Koopa
7	559	370	96	150	10

#7	300	380	0	200	11
#7	400	380	0	200	11
#500	380	0	200	11
#Pipe verticle pipe with fire red plant enemy inside
9	367	391	32	48	11000	4
#WoodBlock
12	1602	340	15000
12	1618	340	15000

12	1720	407	15000
12	1720	391	15000
12	1720	375	15000

12	1704	407	15000
12	1704	391	15000

12	1688	407	15000

12	1780	407	15000
12	1780	391	15000
12	1780	375 15000

12	1796	407	15000
12	1796	391	15000

12	1812	407	15000




